Record	Yhat	Residual	Hat	RinvRes	AOMstat
1	6.7094	-0.5536	0.1432E-01	-0.2383	-0.3658
2	6.7094	0.4191E-01	0.1432E-01	0.4740E-01	0.7217E-01
3	6.7094	-0.1802E-02	0.1432E-01	-0.1818E-01	-0.2768E-01
4	6.7094	0.2884	0.1432E-01	0.1383	0.2105
5	6.7094	-0.2528	0.1432E-01	-0.1801	-0.2741
6	6.7094	1.052	0.1432E-01	0.4397	0.6694
7	6.7094	0.5517	0.1432E-01	0.1786	0.2720
8	6.7095	0.9165E-01	0.1432E-01	-0.8342E-01	-0.1270
9	6.7094	1.785	0.1432E-01	0.8384	1.276
10	6.7094	-1.335	0.1432E-01	-0.6649	-1.012
11	6.7094	-0.1392	0.1432E-01	0.2520E-01	0.3836E-01
12	6.7094	-0.2873	0.1432E-01	-0.1881	-0.2863
13	6.7094	1.348	0.1432E-01	0.5840	0.8890
14	6.7094	0.2830	0.1432E-01	-0.1081	-0.1646
15	6.7095	3.030	0.1432E-01	1.277	1.960
16	6.7094	-1.583	0.1432E-01	-0.6840	-1.050
17	6.7094	0.1720	0.1432E-01	0.2086	0.3175
18	6.7095	-0.9632	0.1432E-01	-0.3893	-0.5928
19	6.7094	-0.6977	0.1432E-01	-0.2501	-0.3807
20	6.7094	-0.2422E-01	0.1432E-01	0.1434	0.2184
21	6.7094	-2.224	0.1432E-01	-0.9364	-1.426
22	6.7094	-0.4803	0.1432E-01	-0.6243E-01	-0.9505E-01
23	6.7094	-0.5379	0.1432E-01	-0.2289	-0.3484
24	6.7094	0.4040	0.1432E-01	0.1570	0.2390
25	6.7095	0.8779	0.1432E-01	0.3402	0.5179
26	6.7094	0.3539	0.1432E-01	0.1256	0.1912
27	6.7094	-0.3534	0.1432E-01	-0.2183	-0.3324
28	6.7094	0.8862	0.1432E-01	0.2967	0.4517
29	6.7094	2.005	0.1432E-01	0.5235	0.7969
30	6.7095	5.652	0.1432E-01	2.305	3.538
31	6.7094	-0.8870	0.1432E-01	-0.4444	-0.6821
32	6.7094	1.254	0.1432E-01	0.5979	0.9103
33	6.7094	-0.1518	0.1432E-01	-0.1671	-0.2544
34	6.7094	0.6702	0.1432E-01	0.2634	0.4010
35	6.7095	0.6604	0.1432E-01	0.2465	0.3752
36	6.7094	0.7920E-01	0.1432E-01	-0.8513E-02	-0.1296E-01
37	6.7094	0.1521	0.1432E-01	-0.5334E-02	-0.8120E-02
38	6.7095	1.272	0.1432E-01	0.6159	0.9377
39	6.7094	-1.390	0.1432E-01	-0.5912	-0.9001
40	6.7094	-1.474	0.1432E-01	-0.3414	-0.5197
41	6.7094	-4.242	0.1432E-01	-1.591	-2.421
42	6.7094	-3.197	0.1432E-01	-1.251	-1.904
43	6.7094	1.704	0.1432E-01	0.7885	1.200
44	6.7094	2.232	0.1432E-01	0.7139	1.087
45	6.7095	3.089	0.1432E-01	1.200	1.841
46	6.7094	-0.4123	0.1432E-01	-0.1863	-0.2859
47	6.7094	0.1986	0.1432E-01	0.2709E-01	0.4124E-01
48	6.7095	1.530	0.1432E-01	0.5237	0.7973
49	6.7094	2.435	0.1432E-01	0.9487	1.444
50	6.7094	0.4759	0.1432E-01	0.1688	0.2569
51	6.7094	-1.728	0.1432E-01	-0.7272	-1.107
52	6.7095	-0.8695	0.1432E-01	-0.2854	-0.4345
53	6.7094	-0.1436E-02	0.1432E-01	0.1064	0.1619
54	6.7094	-1.161	0.1432E-01	-0.5138	-0.7822
55	6.7094	0.2094	0.1432E-01	0.7656E-01	0.1166
56	6.7094	1.429	0.1432E-01	0.8029	1.222
57	6.7094	-3.703	0.1432E-01	-1.636	-2.491
58	6.7094	-0.7995	0.1432E-01	-0.1048	-0.1595
59	6.7095	-0.8799	0.1432E-01	-0.4657	-0.7090
60	6.7094	2.408	0.1432E-01	1.073	1.648
61	6.7094	1.083	0.1432E-01	0.4350	0.6677
62	6.7095	0.5074	0.1432E-01	0.1457	0.2218
63	6.7094	0.3218	0.1432E-01	0.1301	0.1980
64	6.7094	-0.3316	0.1432E-01	-0.1663	-0.2532
65	6.7094	0.1098	0.1432E-01	0.5935E-01	0.9036E-01
66	6.7094	0.1070	0.1432E-01	0.1026	0.1561
67	6.7094	-1.177	0.1432E-01	-0.4592	-0.6991
68	6.7094	-1.065	0.1432E-01	-0.4868	-0.7411
69	6.7095	1.663	0.1432E-01	0.7939	1.209
70	6.7094	-0.3416	0.1432E-01	-0.2066	-0.3145
71	6.7094	-0.5492	0.1432E-01	-0.2430	-0.3699
72	6.7094	0.4407	0.1432E-01	0.1439	0.2192
73	6.7094	1.438	0.1432E-01	0.5680	0.8648
74	6.7094	0.5986	0.1432E-01	0.1344	0.2047
75	6.7094	0.9294	0.1432E-01	0.3648	0.5600
76	6.7094	1.784	0.1432E-01	0.7668	1.177
77	6.7094	-0.1148	0.1432E-01	-0.2977	-0.4533
78	6.7094	2.924	0.1432E-01	1.263	1.924
79	6.7095	0.1655	0.1432E-01	-0.9352E-02	-0.1424E-01
80	6.7094	-1.386	0.1432E-01	-0.5029	-0.7657
81	6.7094	-2.013	0.1432E-01	-0.6212	-0.9457
82	6.7094	-3.370	0.1432E-01	-1.381	-2.102
83	6.7095	0.5312	0.1432E-01	0.3884	0.5914
84	6.7094	0.3621	0.1432E-01	0.1859	0.2830
85	6.7094	-1.085	0.1432E-01	-0.4543	-0.6916
86	6.7095	-0.6535	0.1432E-01	-0.1823	-0.2775
87	6.7094	-0.8261	0.1432E-01	-0.3760	-0.5724
88	6.7094	1.001	0.1432E-01	0.4991	0.7598
89	6.7094	-0.4183	0.1432E-01	-0.3649	-0.5555
90	6.7094	2.487	0.1432E-01	1.082	1.661
91	6.7094	-0.4068	0.1432E-01	-0.1644	-0.2524
92	6.7094	-0.1719	0.1432E-01	0.2482E-01	0.3779E-01
93	6.7094	-1.477	0.1432E-01	-0.6157	-0.9374
94	6.7094	-0.2783	0.1432E-01	0.5799E-01	0.8829E-01
95	6.7094	-1.911	0.1432E-01	-0.8324	-1.267
96	6.7094	0.3727	0.1432E-01	0.2566	0.3907
97	6.7094	0.1026	0.1432E-01	-0.3410E-01	-0.5191E-01
98	6.7094	1.118	0.1432E-01	0.3888	0.5919
99	6.7095	1.705	0.1432E-01	0.7378	1.123
100	6.7094	-1.113	0.1432E-01	-0.5753	-0.8759
101	6.7094	0.6758E-01	0.1432E-01	0.3853E-01	0.5866E-01
102	6.7094	0.9372	0.1432E-01	0.2791	0.4249
103	6.7095	2.338	0.1432E-01	0.9332	1.421
104	6.7094	0.5624	0.1432E-01	-0.1061E-01	-0.1615E-01
105	6.7094	2.486	0.1432E-01	1.030	1.582
106	6.7095	-1.692	0.1432E-01	-0.5989	-0.9193
107	6.7094	-2.326	0.1432E-01	-0.9185	-1.398
108	6.7094	0.6171E-02	0.1432E-01	0.2416	0.3679
109	6.7094	-2.210	0.1432E-01	-0.8796	-1.339
110	6.7094	-1.470	0.1432E-01	-0.6135	-0.9340
111	6.7095	1.769	0.1432E-01	0.9876	1.504
112	6.7094	-2.738	0.1432E-01	-1.242	-1.891
113	6.7095	-0.6907	0.1432E-01	-0.1690	-0.2573
114	6.7094	0.2691	0.1432E-01	0.1736	0.2643
115	6.7094	-0.3928	0.1432E-01	-0.1468	-0.2235
116	6.7094	-0.7116	0.1432E-01	-0.2646	-0.4028
117	6.7094	-0.4337	0.1432E-01	-0.3144	-0.4787
118	6.7095	3.116	0.1432E-01	1.383	2.105
119	6.7094	-0.2065	0.1432E-01	-0.3015	-0.4590
120	6.7095	0.9105	0.1432E-01	0.3992	0.6127
121	6.7094	-0.3113	0.1432E-01	-0.1696	-0.2604
122	6.7094	0.7002	0.1432E-01	0.3475	0.5290
123	6.7094	-0.5299	0.1432E-01	-0.1065	-0.1621
124	6.7094	-3.033	0.1432E-01	-1.182	-1.800
125	6.7094	-1.962	0.1432E-01	-0.6765	-1.030
126	6.7094	-0.2505	0.1432E-01	0.5638E-01	0.8583E-01
127	6.7094	-1.167	0.1432E-01	-0.5093	-0.7754
128	6.7094	0.3255	0.1432E-01	0.1966	0.2993
129	6.7094	0.1105	0.1432E-01	-0.2027E-01	-0.3087E-01
130	6.7095	0.9673	0.1432E-01	0.4222	0.6428
131	6.7094	-0.1746	0.1432E-01	-0.1520	-0.2314
132	6.7094	0.4835	0.1432E-01	0.2289	0.3485
133	6.7094	-0.1967	0.1432E-01	-0.5576E-01	-0.8489E-01
134	6.7094	-1.041	0.1432E-01	-0.5335	-0.8122
135	6.7094	1.763	0.1432E-01	0.8069	1.239
136	6.7094	-0.7911	0.1432E-01	-0.2824	-0.4334
137	6.7094	-1.044	0.1432E-01	-0.2675	-0.4073
138	6.7094	-2.710	0.1432E-01	-1.005	-1.530
139	6.7094	-2.154	0.1432E-01	-0.6901	-1.051
140	6.7095	-1.897	0.1432E-01	-0.7179	-1.093
141	6.7094	0.1920	0.1432E-01	0.2815	0.4286
142	6.7094	-1.869	0.1432E-01	-0.7797	-1.187
143	6.7094	-0.7503	0.1432E-01	-0.2833	-0.4314
144	6.7094	1.080	0.1432E-01	0.4946	0.7531
145	6.7094	0.2404	0.1432E-01	0.1130	0.1720
146	6.7094	-1.249	0.1432E-01	-0.6659	-1.014
147	6.7095	2.134	0.1432E-01	0.9216	1.403
148	6.7094	1.293	0.1432E-01	0.4170	0.6349
149	6.7094	0.5796	0.1432E-01	0.6247E-01	0.9511E-01
150	6.7094	2.285	0.1432E-01	0.9439	1.449
151	6.7094	-0.5154	0.1432E-01	-0.1976	-0.3032
152	6.7094	-0.4224	0.1432E-01	-0.1692	-0.2576
153	6.7094	0.2551	0.1432E-01	0.4743E-01	0.7222E-01
154	6.7094	1.618	0.1432E-01	0.6504	0.9903
155	6.7094	0.6986	0.1432E-01	0.2225	0.3388
156	6.7094	-0.1016	0.1432E-01	0.4726E-03	0.7195E-03
157	6.7095	-1.542	0.1432E-01	-0.6355	-0.9752
158	-0.10000E-36	-0.1000E-36	-0.1000E-36	0.7216E-15	0.000
159	6.7094	-2.650	0.1432E-01	-1.169	-1.794
160	6.7094	0.9280	0.1432E-01	0.5328	0.8111
161	6.7094	0.1634	0.1432E-01	-0.5267E-01	-0.8019E-01
162	6.7094	1.415	0.1432E-01	0.5855	0.8914
163	6.7094	0.3529	0.1432E-01	0.2550E-01	0.3883E-01
164	6.7095	1.001	0.1432E-01	0.3541	0.5390
165	6.7094	1.153	0.1432E-01	0.4390	0.6739
166	6.7094	0.4774	0.1432E-01	0.2265	0.3476
167	6.7095	-0.4344	0.1432E-01	-0.1994	-0.3036
168	6.7094	-0.2622	0.1432E-01	-0.1181	-0.1798
169	6.7094	0.5212	0.1432E-01	0.1543	0.2349
170	6.7094	1.617	0.1432E-01	0.7303	1.112
171	6.7094	-1.095	0.1432E-01	-0.4702	-0.7158
172	6.7094	-1.688	0.1432E-01	-0.6262	-0.9533
173	6.7094	-0.8934	0.1432E-01	-0.2712	-0.4130
174	6.7095	-0.5054	0.1432E-01	-0.1372	-0.2089
175	6.7094	-0.6557	0.1432E-01	-0.3128	-0.4762
176	6.7094	1.054	0.1432E-01	0.5701	0.8679
177	6.7094	-1.507	0.1432E-01	-0.5829	-0.8874
178	6.7094	-2.377	0.1432E-01	-0.9850	-1.500
179	6.7094	0.6733	0.1432E-01	0.4516	0.6876
180	6.7094	-0.6624	0.1432E-01	-0.3179	-0.4880
181	6.7094	-0.8959	0.1432E-01	-0.4001	-0.6142
182	6.7094	0.3435	0.1432E-01	0.2733	0.4161
183	6.7094	-1.469	0.1432E-01	-0.7337	-1.117
184	6.7094	1.510	0.1432E-01	0.6575	1.001
185	6.7094	1.398	0.1432E-01	0.4776	0.7271
186	6.7094	0.9118	0.1432E-01	0.3563	0.5425
187	6.7094	-0.6669	0.1432E-01	-0.3519	-0.5358
188	6.7094	0.2868	0.1432E-01	0.1284	0.1955
189	6.7094	0.5868	0.1432E-01	0.1286	0.1958
190	6.7094	2.094	0.1432E-01	0.8240	1.255
191	6.7095	0.9824	0.1432E-01	0.3615	0.5503
192	6.7095	-0.8822	0.1432E-01	-0.3286	-0.5002
193	6.7094	-1.996	0.1432E-01	-0.9186	-1.399
194	6.7094	1.917	0.1432E-01	1.038	1.580
195	6.7094	-1.950	0.1432E-01	-0.9324	-1.431
196	6.7094	-0.7601E-01	0.1432E-01	-0.9748E-01	-0.1496
197	6.7094	1.235	0.1432E-01	0.5345	0.8137
198	6.7094	0.8086E-01	0.1432E-01	-0.1265	-0.1926
199	6.7094	1.831	0.1432E-01	0.7147	1.088
200	6.7094	1.399	0.1432E-01	0.5392	0.8209
201	6.7095	-0.5711	0.1432E-01	-0.2363	-0.3598
202	6.7094	-1.606	0.1432E-01	-0.7405	-1.127
203	6.7094	1.431	0.1432E-01	0.7071	1.077
204	6.7094	-0.5623E-01	0.1432E-01	-0.1169	-0.1780
205	6.7094	0.3261	0.1432E-01	0.1252	0.1906
206	6.7094	0.3597	0.1432E-01	0.1497	0.2279
207	6.7094	-0.2115	0.1432E-01	-0.8013E-02	-0.1220E-01
208	6.7094	-1.946	0.1432E-01	-0.7797	-1.187
209	6.7094	-0.9793	0.1432E-01	-0.2240	-0.3411
210	6.7094	-1.850	0.1432E-01	-0.7374	-1.132
211	6.5224	0.7840	0.1432E-01	0.3635	0.5579
212	6.5224	-0.5535	0.1432E-01	-0.6594E-01	-0.1004
213	6.5224	-4.081	0.1432E-01	-1.728	-2.631
214	6.5224	-0.1883	0.1432E-01	0.2729	0.4154
215	6.5224	-2.646	0.1432E-01	-1.191	-1.813
216	6.5224	1.046	0.1432E-01	0.7348	1.119
217	6.5224	-2.702	0.1432E-01	-1.129	-1.720
218	6.5224	-1.816	0.1432E-01	-0.4947	-0.7532
219	6.5224	-2.833	0.1432E-01	-1.104	-1.680
220	6.5224	-0.5162	0.1432E-01	-0.7367E-01	-0.1122
221	6.5224	-0.1174E-01	0.1432E-01	0.2612E-01	0.3977E-01
222	6.5224	-0.7610E-01	0.1432E-01	0.6351E-01	0.9669E-01
223	6.5224	-1.819	0.1432E-01	-0.8576	-1.306
224	6.5224	1.403	0.1432E-01	0.7160	1.090
225	6.5224	-0.2403	0.1432E-01	-0.1764	-0.2708
226	6.5224	0.2276	0.1432E-01	0.5046E-01	0.7744E-01
227	6.5224	0.8848	0.1432E-01	0.3806	0.5794
228	6.5224	-0.1800	0.1432E-01	-0.2499	-0.3805
229	6.5224	2.380	0.1432E-01	1.155	1.759
230	6.5224	-2.190	0.1432E-01	-0.9557	-1.455
231	6.5224	-2.241	0.1432E-01	-0.7449	-1.134
232	6.5224	-2.086	0.1432E-01	-0.7314	-1.114
233	6.5224	-1.016	0.1432E-01	-0.2411	-0.3671
234	6.5224	-1.688	0.1432E-01	-0.6694	-1.019
235	6.5224	-0.1534	0.1432E-01	0.4540E-01	0.6911E-01
236	6.5224	-0.4341	0.1432E-01	-0.1121	-0.1707
237	6.5224	-1.286	0.1432E-01	-0.5862	-0.8925
238	6.5224	0.9909	0.1432E-01	0.4502	0.6854
239	6.5224	0.8845	0.1432E-01	0.4828	0.7351
240	6.5224	-2.887	0.1432E-01	-1.278	-1.961
241	6.5224	-1.013	0.1432E-01	-0.3754	-0.5763
242	6.5224	-1.071	0.1432E-01	-0.3476	-0.5291
243	6.5224	-1.194	0.1432E-01	-0.5467	-0.8323
244	6.5224	1.640	0.1432E-01	0.7594	1.156
245	6.5224	0.2536	0.1432E-01	-0.6271E-01	-0.9547E-01
246	6.5224	1.635	0.1432E-01	0.7635	1.162
247	6.5224	-1.308	0.1432E-01	-0.5815	-0.8853
248	6.5224	-1.344	0.1432E-01	-0.5775	-0.8793
249	6.5224	1.228	0.1432E-01	0.6261	0.9532
250	6.5224	-0.4505	0.1432E-01	-0.3211	-0.4888
251	6.5224	1.164	0.1432E-01	0.5829	0.8874
252	6.5224	-1.044	0.1432E-01	-0.6170	-0.9393
253	6.5224	1.965	0.1432E-01	0.8848	1.347
254	6.5224	0.4011	0.1432E-01	0.1905	0.2900
255	6.5224	-2.284	0.1432E-01	-0.9952	-1.527
256	6.5224	0.7559	0.1432E-01	0.4063	0.6236
257	6.5224	-1.593	0.1432E-01	-0.6734	-1.025
258	6.5224	-1.064	0.1432E-01	-0.2838	-0.4321
259	6.5224	-1.764	0.1432E-01	-0.7400	-1.127
260	6.5224	0.6119	0.1432E-01	0.2916	0.4440
261	6.5224	1.258	0.1432E-01	0.5727	0.8719
262	6.5224	-1.148	0.1432E-01	-0.5107	-0.7775
263	6.5224	-0.9997	0.1432E-01	-0.4511	-0.6868
264	6.5224	1.495	0.1432E-01	0.6159	0.9377
265	6.5224	1.598	0.1432E-01	0.6491	0.9882
266	6.5224	-0.6863	0.1432E-01	-0.3408	-0.5188
267	6.5224	-0.7695	0.1432E-01	-0.2247	-0.3421
268	6.5224	-1.372	0.1432E-01	-0.7142	-1.087
269	6.5224	3.048	0.1432E-01	1.549	2.358
270	6.5224	-2.978	0.1432E-01	-1.431	-2.196
271	6.5224	-0.9974	0.1432E-01	-0.3654	-0.5609
272	6.5224	-1.138	0.1432E-01	-0.4547	-0.6923
273	6.5224	0.2731	0.1432E-01	0.1058	0.1610
274	6.5224	1.375	0.1432E-01	0.5666	0.8626
275	6.5224	0.2723	0.1432E-01	0.8668E-02	0.1320E-01
276	6.5224	0.6987	0.1432E-01	0.2814	0.4284
277	6.5224	0.1296	0.1432E-01	0.2134E-01	0.3248E-01
278	6.5224	-0.3885E-01	0.1432E-01	0.7353E-02	0.1119E-01
279	6.5224	-0.5884	0.1432E-01	-0.2050	-0.3122
280	6.5224	-0.9050	0.1432E-01	-0.4506	-0.6860
281	6.5224	1.703	0.1432E-01	0.8027	1.222
282	6.5224	-0.3317	0.1432E-01	-0.4239	-0.6454
283	6.5224	3.618	0.1432E-01	1.499	2.282
284	6.5224	1.610	0.1432E-01	0.7040	1.072
285	6.5224	-3.747	0.1432E-01	-1.683	-2.583
286	6.5224	-0.8248	0.1432E-01	-0.2393	-0.3674
287	6.5224	-2.134	0.1432E-01	-0.8036	-1.224
288	6.5224	-1.459	0.1432E-01	-0.5151	-0.7842
289	6.5224	-0.7759E-01	0.1432E-01	0.9183E-01	0.1398
290	6.5224	-0.9221	0.1432E-01	-0.3297	-0.5019
291	6.5224	-1.244	0.1432E-01	-0.5366	-0.8169
292	6.5224	0.8863	0.1432E-01	0.4973	0.7572
293	6.5224	-0.9129	0.1432E-01	-0.6216	-0.9463
294	6.5224	3.410	0.1432E-01	1.583	2.410
295	6.5224	-1.110	0.1432E-01	-0.7741	-1.179
296	6.5224	2.160	0.1432E-01	0.9187	1.399
297	6.5224	1.424	0.1432E-01	0.3729	0.5678
298	6.5224	2.464	0.1432E-01	0.9445	1.438
299	6.5224	0.8962	0.1432E-01	0.4122	0.6276
300	6.5224	-2.923	0.1432E-01	-1.294	-1.986
301	6.5224	-0.1563E-02	0.1432E-01	0.1454	0.2232
302	6.5224	-2.774	0.1432E-01	-1.154	-1.756
303	6.5224	-0.8953	0.1432E-01	-0.2094	-0.3189
304	6.5224	-0.6092	0.1432E-01	-0.2739	-0.4170
305	6.5224	1.088	0.1432E-01	0.4604	0.7009
306	6.5224	0.8147	0.1432E-01	0.4444	0.6765
307	6.5224	-2.828	0.1432E-01	-1.150	-1.752
308	6.5224	-2.216	0.1432E-01	-0.8549	-1.302
309	6.5224	0.8464	0.1432E-01	0.4410	0.6714
310	6.5224	0.8009	0.1432E-01	0.3078	0.4687
311	6.5224	-0.1072	0.1432E-01	-0.2855	-0.4347
312	6.5224	3.738	0.1432E-01	1.575	2.398
313	6.5224	0.9343	0.1432E-01	0.5462E-01	0.8316E-01
314	6.5224	2.904	0.1432E-01	1.423	2.166
315	6.5224	-4.077	0.1432E-01	-1.892	-2.903
316	6.5224	1.825	0.1432E-01	0.8118	1.246
317	6.5224	-0.6340	0.1432E-01	-0.2623	-0.3993
318	6.5224	-2.057	0.1432E-01	-0.7039	-1.072
319	6.5224	-2.910	0.1432E-01	-1.237	-1.883
320	6.5224	1.615	0.1432E-01	0.8427	1.283
321	6.5224	0.1856	0.1432E-01	0.6934E-01	0.1056
322	6.5224	-1.406	0.1432E-01	-0.5655	-0.8609
323	6.5224	-1.004	0.1432E-01	-0.3272	-0.4981
324	6.5224	-0.6320	0.1432E-01	-0.2456	-0.3740
325	6.5224	0.4722	0.1432E-01	0.1814	0.2761
326	6.5224	1.070	0.1432E-01	0.3820	0.5815
327	6.5224	1.069	0.1432E-01	0.3351	0.5102
328	6.5224	1.358	0.1432E-01	0.2329	0.3546
329	6.5224	5.671	0.1432E-01	2.335	3.555
330	6.5224	0.9277	0.1432E-01	0.9688E-01	0.1487
331	6.5224	2.233	0.1432E-01	1.015	1.558
332	6.5224	-1.195	0.1432E-01	-0.6325	-0.9630
333	6.5224	-0.5117E-01	0.1432E-01	0.7493E-02	0.1141E-01
334	6.5224	0.6327	0.1432E-01	0.2902	0.4419
335	6.5224	-0.2585	0.1432E-01	-0.1158	-0.1762
336	6.5224	-0.5602	0.1432E-01	-0.2440	-0.3714
337	6.5224	0.2857	0.1432E-01	0.1185	0.1804
338	6.5224	0.6591	0.1432E-01	0.2388	0.3636
339	6.5224	0.5984	0.1432E-01	0.1504	0.2289
340	6.5224	1.405	0.1432E-01	0.6097	0.9282
341	6.5224	-0.6244	0.1432E-01	-0.4059	-0.6179
342	6.5224	1.167	0.1432E-01	0.3931	0.5985
343	6.5224	2.757	0.1432E-01	0.9302	1.416
344	6.5224	3.833	0.1432E-01	1.504	2.290
345	6.5224	0.1921	0.1432E-01	-0.1200	-0.1842
346	6.5224	-0.1157	0.1432E-01	0.1955E-01	0.3001E-01
347	6.5224	-1.308	0.1432E-01	-0.5121	-0.7796
348	6.5224	-0.9140	0.1432E-01	-0.3407	-0.5187
349	6.5224	0.2629	0.1432E-01	0.2216	0.3373
350	6.5224	-1.131	0.1432E-01	-0.5355	-0.8153
351	6.5224	0.6102	0.1432E-01	0.4233	0.6444
352	6.5224	-1.889	0.1432E-01	-0.8235	-1.254
353	6.5224	-0.5013	0.1432E-01	-0.1764	-0.2686
354	6.5224	1.117	0.1432E-01	0.4880	0.7429
355	6.5224	0.4210	0.1432E-01	0.3774E-01	0.5745E-01
356	6.5224	1.626	0.1432E-01	0.6126	0.9326
357	6.5224	1.319	0.1432E-01	0.3439	0.5236
358	6.5224	2.683	0.1432E-01	0.8450	1.286
359	6.5224	4.692	0.1432E-01	1.940	2.954
360	6.5224	-0.9473	0.1432E-01	-0.6512	-0.9995
361	6.5224	1.339	0.1432E-01	0.6319	0.9699
362	6.5224	-1.155	0.1432E-01	-0.5268	-0.8020
363	6.5224	-0.8306	0.1432E-01	-0.2469	-0.3759
364	6.5224	-0.9853	0.1432E-01	-0.5063	-0.7708
365	6.5224	2.344	0.1432E-01	1.191	1.812
366	6.5224	-2.350	0.1432E-01	-1.116	-1.713
367	-0.10000E-36	-0.1000E-36	-0.1000E-36	0.6245E-15	0.000
368	6.5224	-1.521	0.1432E-01	-0.7348	-1.128
369	6.5224	1.919	0.1432E-01	0.9431	1.436
370	6.5224	-0.6118	0.1432E-01	-0.2733	-0.4161
371	6.5224	-1.760	0.1432E-01	-0.6874	-1.047
372	6.5224	-0.8032	0.1432E-01	-0.2675	-0.4072
373	6.5224	0.2353	0.1432E-01	0.2107E-01	0.3207E-01
374	6.5224	2.337	0.1432E-01	1.105	1.683
375	6.5224	-2.009	0.1432E-01	-0.9799	-1.504
376	6.5224	-0.1292	0.1432E-01	-0.4910E-01	-0.7537E-01
377	6.5224	-0.1141	0.1432E-01	0.1485	0.2261
378	6.5224	-3.628	0.1432E-01	-1.628	-2.478
379	6.5224	1.198	0.1432E-01	0.6846	1.042
380	6.5224	0.4807	0.1432E-01	0.1588	0.2418
381	6.5224	-0.2622	0.1432E-01	-0.1588	-0.2418
382	6.5224	0.3797	0.1432E-01	0.2581	0.3930
383	6.5224	-1.517	0.1432E-01	-0.6712	-1.022
384	6.5224	-0.1098	0.1432E-01	0.2891E-01	0.4402E-01
385	6.5224	0.6597E-01	0.1432E-01	0.1150	0.1752
386	6.5224	-1.532	0.1432E-01	-0.8030	-1.222
387	6.5224	2.586	0.1432E-01	1.128	1.718
388	6.5224	1.362	0.1432E-01	0.2362	0.3596
389	6.5224	4.127	0.1432E-01	1.723	2.623
390	6.5224	-0.1488	0.1432E-01	-0.2809	-0.4311
391	6.5224	0.2559	0.1432E-01	0.1302	0.1998
392	6.5224	-0.3996	0.1432E-01	-0.1695	-0.2581
393	6.5224	-0.3219	0.1432E-01	-0.1165	-0.1774
394	6.5224	-0.3384E-01	0.1432E-01	-0.3540E-01	-0.5389E-01
395	6.5224	0.7157	0.1432E-01	0.3470	0.5283
396	6.5224	-0.6703	0.1432E-01	-0.3822	-0.5818
397	6.5224	1.029	0.1432E-01	0.5055	0.7696
398	6.5224	-0.4653	0.1432E-01	-0.1404	-0.2138
399	6.5224	-2.188	0.1432E-01	-0.9825	-1.496
400	6.5224	1.134	0.1432E-01	0.5535	0.8426
401	6.5224	1.001	0.1432E-01	0.2887	0.4395
402	6.5224	1.616	0.1432E-01	0.6824	1.039
403	6.5224	-0.6736	0.1432E-01	-0.5377	-0.8186
404	6.5224	3.055	0.1432E-01	1.359	2.069
405	6.5224	-0.1699E-01	0.1432E-01	-0.1682	-0.2581
406	6.5224	0.8568	0.1432E-01	0.4699	0.7212
407	6.5224	-1.984	0.1432E-01	-1.043	-1.588
408	6.5224	2.637	0.1432E-01	1.269	1.932
409	6.5224	-0.4401	0.1432E-01	-0.3067	-0.4670
410	6.5224	-0.4308	0.1432E-01	-0.2196	-0.3343
411	6.5224	1.067	0.1432E-01	0.4077	0.6207
412	6.5224	1.464	0.1432E-01	0.5357	0.8156
413	6.5224	0.7954	0.1432E-01	0.4224	0.6431
414	6.5224	-2.945	0.1432E-01	-1.324	-2.015
415	6.5224	0.1214	0.1432E-01	0.1920	0.2922
416	6.5224	0.2992	0.1432E-01	0.1070	0.1629
417	6.5224	0.3068	0.1432E-01	0.1018	0.1550
418	6.5224	0.2903	0.1432E-01	-0.7421E-01	-0.1130
419	6.5224	3.488	0.1432E-01	1.468	2.235
420	6.5224	0.5112	0.1432E-01	0.3425E-01	0.5258E-01
